,A,C,G,T,N,consensus
0,0.0963838685619076,0.07440845232817814,99.65168022740272,0.06529761596633103,0.11222983574086937,G
1,99.62678471975191,0.019551569624706958,0.3074572453820159,0.01369053499234718,0.03251593024902771,A
2,0.0994082189699668,0.3151833264207523,99.53833824910977,0.042067733161973535,0.005002472337535698,G
3,0.07705061306595787,99.39047143074838,0.21200764933522578,0.31969137323463465,0.0007789336158094248,C
4,0.15621061642855524,0.04458002498213358,0.5042022181079339,99.2946666544075,0.0003404860738886688,T
5,0.08312142518486064,0.038936884643668034,99.44906862224626,0.428147733226908,0.0007253346983004399,G
6,0.4798538952285586,0.029148154923038884,0.20741339642947523,99.28078537444239,0.002799178976539726,T
7,99.35577277904663,0.3899493381072476,0.16784116169314195,0.07799524150769585,0.008441479645279285,A
8,0.5517854618100225,99.26130405718474,0.15074604585181675,0.02343546194227055,0.01272897321113508,C
9,99.73189863445492,0.05722307199130908,0.16843270901510143,0.020221766011000765,0.022223818527667964,A
10,99.35148472570097,0.004781779144554839,0.5866304959339903,0.031101226705690037,0.026001772514802575,A
11,0.2369319856466297,0.04504968024887027,99.19572235296114,0.49081396421694284,0.031482016926426194,G
12,0.6410345167652446,0.02417087267728286,0.21341255673176024,99.08474082621291,0.036641227612813236,T
13,99.68794724220764,0.024439566989599443,0.1474868678103892,0.09877426832684486,0.04135205466552198,A
14,99.27276680844909,0.5026547068029356,0.1450274751829665,0.03497252397736379,0.044578485587635934,A
15,0.2111535652789403,99.09412539490542,0.1478111202695754,0.5070153915799067,0.039894527966158846,C
16,0.2171366319114772,0.15208615873449569,0.625278954026781,98.96010626972009,0.045391985607165244,T
17,0.14475528224679163,0.5534729180693525,99.02873191664537,0.22482310852813778,0.04821677451034765,G
18,0.18952423291727277,98.79201642584309,0.8782872562472023,0.08691589267660638,0.05325619231582688,C
19,4.88105665493746,1.8403972018454204,90.6918427919399,2.5364187501216646,0.05028460115555068,G
20,91.24558328476193,1.66047473218979,4.398639947760228,2.639073412142215,0.05622862314582906,A
21,5.613007530843833,3.3681787872921642,2.744647745744984,88.21835350926736,0.05581242685164702,T
22,46.66592509835366,42.20091639594665,3.408169597386903,7.668991334286554,0.05599757402622767,M
23,31.653629044858754,14.277618769988251,29.64157634164493,24.368726993661767,0.05844884984629915,N
24,28.6241591704802,21.85512304960991,31.33219311782342,18.131642216114,0.05688244597246608,N
25,33.61890248813312,22.352586078497055,20.791172921625353,23.176125609105167,0.06121290263930167,N
26,29.959062322344256,22.199493715540918,28.54790190536035,19.232859545492094,0.060682511262385073,N
27,31.22030110920231,20.6894648472759,25.910348015532264,22.12168110219862,0.05820492579089926,N
28,32.36111278461952,15.926516275941054,30.21465904643999,21.439717024584983,0.05799486841444759,N
29,26.97819141214633,14.818575291232097,35.703636722938676,22.445863868797574,0.05373270488532581,N
30,90.60598852168685,2.108364780014159,2.9597893223875107,4.269749945096096,0.056107430815377946,A
31,90.39711200075985,2.200693603579355,3.972924457839602,3.37031616657967,0.058953771241527404,A
32,6.701975058534426,2.0354229508073756,87.45042054648309,3.7583796064823454,0.0538018376927656,G
33,7.933338536486735,1.7092305746642227,86.59608207027064,3.704395000679223,0.056953817899175176,G
34,90.46383817481998,2.4017089965867005,3.370031938377423,3.7074938018029866,0.05692708841289784,A
35,90.86215860026049,2.7681249112836452,3.424429381795823,2.8878835056776437,0.05740360098239679,A
36,7.775421851119924,86.00613865743276,3.112755315049889,3.04875107035149,0.05693310604593411,C
37,6.9469971220460085,85.85795724281404,2.9435130244739796,4.189696952979909,0.06183565768607708,C
38,7.240431883004003,85.68624254472994,3.5963429416600134,3.423122575812275,0.05386005479376752,C
39,7.3193388658891685,2.950961174833413,85.67344345909669,3.996169594643982,0.06008690553674998,G
40,7.317175456840157,85.42156521238249,3.2751188912855396,3.9304953868055446,0.055645052686266495,C
41,7.186722129091187,3.5361506575726516,86.02391306608241,3.2010296533981917,0.05218449385555584,G
42,8.10590843818674,85.05658149434817,3.441908226701926,3.343477243348056,0.052124597415101934,C
43,8.503131695185278,2.23602186763063,2.89539505110139,86.31144508881165,0.054006297271044,T
44,90.05810850371736,2.3762900948066887,3.5313094018225057,3.9808769698144473,0.05341502983899318,A
45,8.131458748278868,2.362836066787162,3.0060374912252765,86.44908962798391,0.05057806572478395,T
46,90.7496956162257,2.36642803392999,3.1167452856428355,3.7149574860523513,0.05217357814911798,A
47,8.024053095003717,85.5917476531616,3.1719928946588003,3.1650870309974017,0.04711932617847961,C
48,7.726116164919923,84.97742736867366,4.0278354992404,3.2273937433997584,0.041227223766258224,C
49,7.890004161543107,2.6609087434766585,85.68202474375134,3.7263198967844384,0.04074245444445373,G
50,7.644306583736967,2.2869745659981593,85.97378968151426,4.049245118023767,0.0456840507268552,G
51,7.656356544029684,3.153031053071647,2.92541072479633,86.22372241347333,0.04147926462900935,T
52,90.59317110326458,2.251794083818659,3.135286872532132,3.974412212649101,0.04533572773552396,A
53,7.820530868029431,2.9744607315647675,2.9956121519073933,86.16338612602796,0.046010122470447716,T
54,7.392661625261643,85.71805917004217,3.317933510668781,3.5202965735863385,0.05104912044106395,C
55,7.311677159529426,3.416924133895022,85.28246986386868,3.9336225967550376,0.0553062459518298,G
56,7.943998283603124,84.71900893446373,3.2620837185143268,4.017580612876892,0.05732845054192074,C
57,29.189958020292213,22.454276519782262,18.45204422982673,29.85070098497597,0.053020245122823884,N
58,29.278654992402597,22.289983382516287,18.572149887707468,29.79954144796594,0.059670289407704954,N
59,29.362518545680278,21.184341553462044,19.77116047128255,29.6277199718817,0.05425945769342978,N
60,29.517198024363495,22.47753131278849,18.435059390609414,29.514060038652516,0.05615123358608372,N
61,30.327297101612643,20.92301184436716,19.084092321294527,29.612636704703842,0.052962028021821955,N
62,29.07138811834031,22.138590091250688,19.169690072446286,29.565414938818797,0.054916779143925086,N
63,29.004239450463032,22.640413525024893,18.58433559460589,29.71917274003278,0.05183868987340258,N
64,30.289917664365735,20.679884215702362,18.767124836651,30.207564397035195,0.05550888624570189,N
65,29.405471150788493,21.68765861973383,19.51845822867725,29.33492923760354,0.05348276319688966,N
66,29.67786910632146,21.365176044385052,19.39823109857615,29.506901714293505,0.05182203642383713,N
67,30.10639497081497,21.212868632677758,19.15988566889077,29.471850121416942,0.04900060619955868,N
68,29.54812180086709,21.251390860421743,19.09718403182729,30.053618369857638,0.04968493702623997,N
69,30.681900122769513,21.257831966889807,18.956448248558807,29.05187629308263,0.05194336869924258,N
70,30.242260389782803,21.812317246758795,18.988299440274762,28.90684112092718,0.05028180225646405,N
71,30.919431352710586,21.54213378018317,18.891908294575227,28.598128149469943,0.048398423061070006,N
72,30.320982645328254,21.026490082443953,18.82975328250337,29.774794701801582,0.047979287922847,N
73,29.875294351470384,20.755253670031937,19.733509260934323,29.587352150079994,0.04859056748336722,N
74,30.03507580335366,21.34072948014774,19.249597241920057,29.32761417489568,0.04698329968286934,N
75,30.738745483329076,22.275142779889244,17.602849850245605,29.33581704839382,0.0474448381422548,N
76,31.082510747387644,22.18597419328276,17.24384514044015,29.44209740429119,0.045572514598252956,N
77,30.907973779409552,22.97876110006642,18.32062850062682,27.74608616995808,0.04655044993912185,N
78,30.566609970767317,22.50611283059144,17.609857173998893,29.271691471420013,0.04572855322233263,N
79,30.106760227145774,22.883528698588755,18.057442561657684,28.904778052410425,0.04749046019736689,N
80,29.92854928428162,21.026315431140947,21.77397204938204,27.228200973885336,0.04296226131006082,N
81,9.295407243105812,2.707352415415625,83.86399956214022,4.086155739673669,0.04708503966466838,G
82,9.639495919953838,3.7541886749349787,82.97780163745952,3.5830602062645887,0.04545356138707113,G
83,7.660753054714966,82.20788033676409,6.371310041650838,3.7144223365469875,0.045634230323113166,C
84,8.128302709668784,81.17503731317332,6.803545706938724,3.8481887211448025,0.044925549074378186,C
85,9.979997247842528,4.614728252018807,82.21483112275584,3.1410058630358453,0.049437514346981785,G
86,7.979876111490059,80.39938736577233,6.453765188908125,5.121411974056948,0.045559359772545785,C
87,9.922994029374474,3.824220908596255,5.777887457303319,80.42754401069392,0.04735359403203063,T
88,87.03068756341517,2.5247611954808917,6.652818693600697,3.7385390505269434,0.05319349697628634,A
89,86.80150768856879,2.4018258506235677,7.606625984948333,3.1375828094528955,0.05245766640641104,A
90,12.146624471023816,2.5421931588272932,81.751249886872,3.5126443834834897,0.04728809979340346,G
91,84.98710372259596,2.8209670064796053,7.9697414378423215,4.177055025530367,0.04513280755174321,A
92,11.361594293223892,2.5631592920503836,6.266916423627763,79.76137761925,0.04695237184796206,T
93,85.19406229792385,3.598561069186169,6.824105859849299,4.336945354588117,0.04632541845255671,A
94,11.44622376523663,79.01696534488516,6.299484273454848,3.19127702947578,0.04604958694756922,C
95,85.41461512611552,2.807140444991648,7.349941048887712,4.381975022708518,0.04632835729659767,A
96,9.245996318300152,2.570188867051412,7.038963348234533,81.09723029762918,0.04762116878471256,T
97,8.117017128716626,2.5686752224253615,8.329296831043072,80.93914819732636,0.045862620488582265,T
98,11.44200624414794,1.5982922909068793,82.55469192258855,4.360979640989973,0.04402990136665624,G
99,86.09990583523857,2.268537098154886,7.451491825108496,4.136256173269318,0.043809068228721056,A
