,A,C,G,T,N,consensus
0,27.69725784805012,26.654046732569984,21.390296174171734,24.24190115096537,0.016498094242794182,N
1,28.449361418113444,26.862699533612727,20.599657354386455,24.08732302368351,0.0009586702038666654,N
2,25.77319483994309,23.04440227634331,27.120062027958692,24.061666599217663,0.000674256537246376,N
3,26.480439159359786,23.23548692926207,26.59955664672953,23.684136878882672,0.0003803857659478256,N
4,25.936409405375016,25.13522801545229,23.91868708542899,25.009321727976108,0.00035376576759420247,N
5,24.12222289231452,25.342048590029403,25.865563081861936,24.663511136732,0.006654299062133325,N
6,29.085383231408745,21.757584900929576,23.861386488183406,25.29529301476322,0.0003523647150492749,N
7,24.730590380214906,25.585235234725793,25.192345775340762,24.49172668314589,0.00010192657264347813,N
8,26.181157523132725,24.640877833394974,24.148890176191536,25.029026481231103,4.798604966376805e-05,N
9,23.933877297121096,26.08487053724572,27.103316998204853,22.8778178292777,0.000117338150637681,N
10,26.76428539969938,27.218083166633182,22.64512051472205,23.372138939494715,0.0003719794506782604,N
11,26.442747343269872,24.095186431091918,22.43004423802395,27.031809027627435,0.00021295998682898523,N
12,26.95287022461485,26.310389208824297,25.98598074599337,20.750692570045324,6.725052215652166e-05,N
13,29.399353852779964,22.306515886979643,23.733544646616405,24.55985986840572,0.0007257452182724628,N
14,25.82407931705918,27.658256748356973,24.13053603758985,22.386494270980556,0.0006336260134434774,N
15,26.095902775247616,27.163762257887527,23.361758541189346,23.377756109410463,0.0008203162650550715,N
16,28.61299244641435,22.859949505645965,17.195880406743207,31.331124050936637,5.3590259843478196e-05,N
17,27.60630326814911,23.219557662352518,16.582515364415062,32.5912349130021,0.0003887920812173908,N
18,27.804380574319598,22.242232794113274,17.359758370555152,32.59281635106219,0.0008119099497855062,N
19,28.373446436755952,21.758920104004893,17.61991666525452,32.24757668873014,0.00014010525449275344,N
20,28.74528192928522,22.183889113247997,17.744129430467027,31.326360472283888,0.00033905471587246334,N
21,28.70940097360963,22.418831964770032,18.0499221081335,30.821337422202443,0.0005075312843999993,N
22,28.718543541991554,22.459227462008517,18.08640691745596,30.735489678827687,0.00033239971628405755,N
23,28.79897901938525,22.517320004205118,18.033634522035584,30.64960620861304,0.0004602457610086951,N
24,28.998485048888433,22.78888321688333,17.421360549376804,30.790462427269873,0.0008087575815594193,N
25,29.647622115056805,22.855046172001856,16.491036790862246,31.002597194149896,0.003697727929199995,N
26,29.810734753916083,23.322262169421563,15.584271030364375,31.279532392548496,0.0031996537494782566,N
27,30.60308250754304,21.545370274054495,16.032258282131227,31.815135516001803,0.004153420269437676,N
