,A,C,G,T,N,consensus
0,24.66124548598603,29.91765911275363,19.208074312454823,26.19749441091226,0.015526677893259115,N
1,28.18669881962526,26.812778695480166,21.4122158112105,23.58721703606557,0.0010896376185005408,N
2,26.38411584140239,22.738186907298747,23.15668644072762,27.720314612576068,0.0006961979951761846,N
3,25.446738187047707,25.53812909244305,27.758616910597233,21.256021450831398,0.0004943590806082991,N
4,29.69055932672716,22.559120102616774,23.681644593304576,24.068318517708583,0.0003574596429013855,N
5,27.3877133333848,24.313177203015368,23.568772176995893,24.724468161992508,0.00586912461143486,N
6,25.96065867619946,21.531269178627625,25.24178656539299,27.265984869049237,0.00030071073068954526,N
7,25.638608014356933,25.088215525862935,26.458177559641328,22.814918749613305,8.015052549507334e-05,N
8,25.70827549466162,22.94834304774766,25.056659327910992,26.286675033932998,4.70957467325066e-05,N
9,25.88579633026607,26.22569013719673,25.454732763185596,22.43366493136586,0.00011583798575200381,N
10,27.21072576204304,25.70156010920983,26.000764946084598,21.08657709701133,0.00037208565120340617,N
11,24.918401426552986,26.79135802876136,23.11000548759056,25.180057204834146,0.0001778522609525715,N
12,25.823745197524577,23.824956658091427,27.11446264076213,23.23677729210882,5.8211513042042317e-05,N
13,28.641686148485345,23.202991212931153,23.401419049842843,24.75319188717668,0.0007117015639763264,N
14,26.65627250860406,25.427517271977525,22.633502715477867,25.282144402620922,0.0005631013196277963,N
15,25.40558674260931,27.20501225815994,23.41350013270031,23.974686322801038,0.0012145437293997975,N
16,29.27003496870896,22.53006114932232,17.152190224413076,31.047670657091235,4.300046440794081e-05,N
17,28.111905508451052,23.153365166762395,16.53985395807852,32.19447666172172,0.00039870498631308383,N
18,28.33330934180438,22.118914987827374,17.278050828614123,32.268809253634416,0.0009155881197064948,N
19,28.878795389553392,21.62434938798185,17.547456636174356,31.949256421489707,0.00014216480069564105,N
20,29.168133521227617,22.04098673803371,17.677734587402778,31.11280378230213,0.00034137103376916274,N
21,29.02428614453691,22.326555747368502,18.03091232011366,30.617802327409205,0.00044346057171726713,N
22,29.07123767882756,22.3932901279683,18.064077378978826,30.47109381097446,0.00030100325085558564,N
23,29.14335647812366,22.446749065872684,18.0264414418959,30.38302330198384,0.00042971212391336764,N
24,29.369813012305013,22.72165103483265,17.532550686073435,30.375158019759347,0.0008272470295622898,N
25,30.026468131435852,22.757250739039765,16.624859440769367,30.587434638891885,0.003987049863130838,N
26,30.140007201202945,23.1402549979608,15.694938710487389,31.021445639165385,0.003353451183487302,N
27,30.881153845092896,21.472161383796834,16.137490129528604,31.504559074510425,0.004635567071242436,N
